11637517422274862853338597396444961841755517195186
13813736722492484783351359589446146169155725717116
21365113283247622439435873354154698446516571955762
36949315694715142671581615378169272648927138375913
74634171118574528222968563933317967414441817851555
13191281372421239248353134135946424514615753562571
13599124212461123532357113464346822457545793356865
31254216394236532741534764385164587549627569865173
12931385212314249632341535174345264618545637572965
23119445813422155692453316671356442778146755388925
22748628533385973964449618417555171951866618216297
24924847833513595894461461691557257171166836828127
32476224394358733541546984465165719557627681166873
47151426715816153781692726489271383759138149486114
85745282229685639333179674144418178515552918962666
24212392483531341359464245146157535625716864673682
24611235323571134643468224575457933568656814467976
42365327415347643851645875496275698651738671976184
23142496323415351743452646185456375729656748683176
34221556924533166713564427781467553889257866499136
33859739644496184175551719518666182162977729317318
35135958944614616915572571711668368281277947939238
43587335415469844651657195576276811668738792177984
58161537816927264892713837591381494861149251597125
96856393331796741444181785155529189626663129173777
35313413594642451461575356257168646736827975784793
35711346434682245754579335686568144679767915578187
53476438516458754962756986517386719761849781187295
34153517434526461854563757296567486831767859794187
45331667135644277814675538892578664991368977511147
44961841755517195186661821629777293173188831428419
46146169155725717116683682812779479392388158141349
54698446516571955762768116687387921779849813288195
69272648927138375913814948611492515971251361618236
17967414441817851555291896266631291737774131184888
46424514615753562571686467368279757847938186895814
46822457545793356865681446797679155781878126689198
64587549627569865173867197618497811872951892198316
45264618545637572965674868317678597941878961815298
56442778146755388925786649913689775111479188611258
55171951866618216297772931731888314284199941539521
57257171166836828127794793923881581413499169151451
65719557627681166873879217798498132881951914399116
71383759138149486114925159712513616182361472719347
18178515552918962666312917377741311848885241295999
57535625716864673682797578479381868958149197916915
57933568656814467976791557818781266891989137791219
75698651738671976184978118729518921983161913219417
56375729656748683176785979418789618152989171916319
67553889257866499136897751114791886112581199722369
